10
1 5 -1
2 3 1
3 10 2
4 1 1
5 6 4
6 21 2
7 20 1
8 11 5
9 2 5
10 4 7 

OUTPUT
***********************LINKED LIST IMPLEMENTATION***********************

###Tree_Map###

1	--> [ 7 4 2 ]
2	--> [ 6 3 ]
3	--> [ ]
4	--> [ 5 ]
5	--> [ 9 8 ]
6	--> [ ]
7	--> [ 10 ]
8	--> [ ]
9	--> [ ]
10	--> [ ]



DFS
iteration	  Visit		maxdepth	avgdepth	B.factor

1		   1		  0		 0.00		  3
2		   2		  1		 0.50		  2
3		   3		  2		 1.00		  0
4		   6		  2		 1.25		  0
5		   4		  2		 1.20		  1
6		   5		  2		 1.33		  2
7		   8		  3		 1.57		  0
8		   9		  3		 1.75		  0
9		   7		  3		 1.67		  1
10		   10		  3		 1.70		  0



BFS
iteration	  Visit		maxdepth	avgdepth	B.factor

1		   1		  0		 0.00		  3
2		   7		  1		 0.50		  1
3		   4		  1		 0.67		  1
4		   2		  1		 0.75		  2
5		   10		  2		 1.00		  0
6		   5		  2		 1.17		  2
7		   6		  2		 1.29		  0
8		   3		  2		 1.38		  0
9		   9		  3		 1.56		  0
10		   8		  3		 1.70		  0



GREEDY
iteration	  Visit		maxdepth	avgdepth	B.factor

1		   1		  0		 0.00		  3
2		   7		  1		 0.50		  1
3		   10		  2		 1.00		  0
4		   2		  2		 1.00		  2
5		   6		  2		 1.20		  0
6		   3		  2		 1.33		  0
7		   4		  2		 1.29		  1
8		   5		  2		 1.38		  2
9		   8		  3		 1.56		  0
10		   9		  3		 1.70		  0


**************************** VECTOR IMPLEMENTATION******************************

TREE MAP

1 --> [ 2 4 7 ]
2 --> [ 3 6 ]
3 --> [ ]
4 --> [ 5 ]
5 --> [ 8 9 ]
6 --> [ ]
7 --> [ 10 ]
8 --> [ ]
9 --> [ ]
10 --> [ ]



DFS
Iteration	 Visit	 	Maxdepth	Avgdepth	B.factor

1		   1		  0		 0.00		  3
2		   7		  1		 0.50		  1
3		   10		  2		 1.00		  0
4		   4		  2		 1.00		  1
5		   5		  2		 1.20		  2
6		   9		  3		 1.50		  0
7		   8		  3		 1.71		  0
8		   2		  3		 1.62		  2
9		   6		  3		 1.67		  0
10		   3		  3		 1.70		  0

BFS
Iteration	 Visit	 	Maxdepth	Avgdepth	B.factor

1		   1		  0		 0.00		  3
2		   2		  1		 0.50		  2
3		   4		  1		 0.67		  1
4		   7		  1		 0.75		  1
5		   3		  2		 1.00		  0
6		   6		  2		 1.17		  0
7		   5		  2		 1.29		  2
8		   10		  2		 1.38		  0
9		   8		  3		 1.56		  0
10		   9		  3		 1.70		  0

GREEDY

Iteration	 Visit	 	Maxdepth	Avgdepth	B.factor

1		   1		  0		 0.00		  3
2		   7		  1		 0.50		  1
3		   10		  2		 1.00		  0
4		   2		  2		 1.00		  2
5		   6		  2		 1.20		  0
6		   3		  2		 1.33		  0
7		   4		  2		 1.29		  1
8		   5		  2		 1.38		  2
9		   8		  3		 1.56		  0
10		   9		  3		 1.70		  0






